99998
99987
99963
99956
99937
99924
99905
99899
99897
99887
99885
99877
99848
99826
99825
99820
99817
99807
99806
99789
99777
99755
99754
99745
99733
99732
99732
99729
99729
99707
99700
99698
99688
99681
99670
99662
99660
99650
99650
99650
99632
99631
99630
99627
99622
99615
99611
99604
99600
99599
99593
99589
99584
99556
99554
99544
99538
99537
99522
99504
99496
99492
99487
99483
99478
99459
99458
99448
99438
99437
99428
99415
99411
99411
99409
99407
99406
99381
99361
99340
99338
99337
99335
99329
99277
99271
99251
99244
99242
99239
99217
99211
99193
99192
99191
99185
99182
99154
99150
99148
99134
99106
99102
99089
99082
99072
99069
99065
99059
99041
99031
99002
99002
99000
98986
98984
98978
98968
98960
98948
98946
98946
98942
98936
98925
98922
98892
98866
98840
98839
98835
98828
98821
98797
98796
98779
98775
98765
98743
98742
98726
98726
98719
98719
98717
98698
98697
98691
98669
98664
98658
98638
98612
98606
98593
98592
98581
98564
98537
98532
98529
98520
98517
98516
98509
98497
98487
98485
98482
98477
98473
98472
98470
98466
98440
98422
98410
98407
98402
98390
98380
98359
98308
98307
98293
98278
98259
98252
98234
98233
98227
98223
98198
98197
98178
98157
98145
98131
98130
98112
98104
98094
98089
98078
98067
98060
98047
98043
98025
98022
98021
98020
98018
98017
97997
97972
97971
97965
97943
97937
97923
97919
97917
97911
97903
97897
97895
97881
97865
97859
97823
97812
97811
97801
97796
97793
97787
97780
97775
97771
97748
97743
97740
97714
97706
97684
97683
97682
97670
97650
97637
97625
97620
97614
97598
97597
97595
97556
97548
97540
97534
97531
97531
97491
97476
97463
97461
97460
97449
97448
97427
97413
97404
97396
97365
97360
97335
97328
97322
97308
97292
97288
97285
97261
97254
97250
97242
97223
97218
97212
97203
97171
97169
97153
97151
97151
97125
97116
97094
97088
97086
97085
97080
97076
97070
97059
97057
97053
97048
97048
97040
97031
97031
97027
97013
97012
97001
96995
96981
96978
96975
96966
96951
96917
96904
96893
96885
96869
96851
96836
96831
96827
96784
96783
96780
96777
96753
96733
96731
96727
96717
96705
96704
96682
96677
96668
96649
96649
96638
96628
96622
96616
96609
96606
96527
96525
96519
96491
96490
96489
96476
96471
96456
96453
96418
96409
96399
96388
96385
96384
96370
96367
96364
96347
96338
96338
96331
96298
96292
96238
96232
96224
96217
96213
96205
96182
96178
96134
96130
96129
96121
96119
96118
96104
96102
96085
96082
96080
96077
96058
96057
96051
96048
96040
96040
96023
96001
95995
95988
95986
95984
95974
95952
95934
95930
95928
95900
95892
95878
95878
95873
95854
95854
95847
95817
95817
95815
95798
95783
95776
95726
95724
95685
95685
95680
95678
95675
95673
95672
95665
95662
95647
95645
95639
95639
95637
95635
95632
95631
95611
95565
95525
95521
95510
95494
95490
95478
95465
95454
95447
95426
95416
95394
95359
95348
95346
95344
95323
95313
95313
95304
95299
95278
95248
95231
95224
95199
95187
95175
95174
95149
95140
95132
95128
95114
95097
95078
95072
95070
95069
95067
95065
95003
94968
94962
94962
94960
94959
94944
94929
94923
94909
94898
94892
94859
94859
94852
94794
94789
94778
94778
94775
94749
94705
94701
94698
94682
94656
94645
94638
94620
94616
94607
94601
94592
94591
94585
94580
94569
94543
94519
94511
94507
94491
94471
94469
94468
94458
94442
94420
94404
94372
94371
94370
94364
94356
94353
94352
94343
94336
94334
94331
94327
94313
94313
94269
94265
94251
94227
94224
94207
94197
94168
94146
94121
94109
94109
94092
94087
94084
94082
94069
94060
94059
94037
94033
94023
94021
94016
94004
94000
93997
93996
93983
93968
93966
93964
93949
93943
93942
93927
93910
93876
93871
93854
93839
93838
93829
93809
93798
93766
93750
93747
93744
93744
93741
93738
93736
93726
93721
93720
93715
93712
93699
93698
93645
93643
93642
93620
93597
93590
93575
93570
93568
93544
93523
93509
93507
93491
93486
93485
93482
93480
93474
93472
93471
93470
93440
93437
93433
93433
93413
93412
93400
93395
93379
93355
93350
93333
93328
93322
93318
93304
93300
93296
93233
93217
93214
93212
93181
93179
93153
93151
93148
93123
93120
93117
93097
93085
93073
93058
93049
93040
93038
93034
93013
93006
93004
92989
92988
92987
92983
92976
92963
92947
92938
92937
92908
92905
92903
92899
92888
92888
92885
92880
92879
92871
92869
92852
92830
92820
92817
92798
92794
92776
92768
92730
92728
92726
92694
92688
92686
92686
92661
92657
92649
92636
92620
92611
92565
92555
92543
92524
92489
92480
92479
92468
92462
92459
92458
92435
92423
92420
92418
92417
92411
92397
92391
92376
92358
92348
92340
92332
92326
92293
92292
92290
92283
92254
92233
92221
92217
92203
92184
92164
92159
92135
92124
92113
92105
92095
92090
92089
92082
92081
92076
92054
92047
92044
92040
92031
92021
92013
91986
91953
91951
91951
91949
91943
91927
91917
91909
91907
91888
91871
91860
91858
91854
91843
91839
91833
91803
91801
91798
91775
91768
91767
91757
91743
91726
91723
91715
91694
91664
91638
91620
91617
91604
91591
91587
91573
91553
91552
91546
91544
91535
91522
91522
91514
91498
91494
91490
91489
91473
91452
91450
91439
91429
91409
91401
91387
91380
91347
91305
91305
91300
91285
91262
91252
91246
91238
91237
91223
91212
91210
91187
91165
91162
91158
91147
91147
91140
91133
91132
91115
91096
91072
91071
91070
91053
91043
91037
91035
91035
91017
91009
91005
91004
90998
90985
90973
90972
90962
90954
90943
90928
90913
90889
90883
90878
90860
90860
90858
90857
90839
90835
90834
90802
90799
90794
90789
90773
90772
90752
90739
90734
90732
90721
90719
90707
90672
90655
90649
90637
90628
90617
90614
90601
90597
90595
90570
90567
90537
90535
90534
90527
90526
90514
90500
90499
90495
90491
90484
90483
90473
90428
90424
90364
90359
90344
90324
90323
90322
90320
90318
90302
90301
90287
90276
90230
90227
90227
90226
90218
90199
90180
90165
90156
90150
90121
90118
90098
90084
90076
90051
90048
90036
90024
90015
90014
89999
89994
89989
89969
89956
89948
89935
89923
89916
89895
89889
89880
89876
89876
89869
89859
89839
89829
89827
89823
89816
89809
89807
89804
89786
89748
89744
89743
89728
89723
89719
89715
89699
89695
89678
89669
89648
89623
89622
89618
89617
89615
89609
89598
89582
89555
89533
89517
89514
89512
89507
89499
89491
89470
89441
89431
89429
89420
89396
89392
89382
89380
89365
89351
89329
89321
89299
89265
89261
89259
89256
89251
89237
89236
89235
89231
89229
89215
89206
89204
89201
89196
89194
89182
89179
89178
89160
89159
89156
89155
89132
89128
89128
89083
89080
89069
89069
89058
89055
89054
89051
89040
89040
89021
88996
88996
88984
88981
88966
88962
88960
88947
88926
88921
88915
88900
88886
88872
88853
88845
88839
88828
88828
88825
88822
88795
88792
88779
88753
88731
88725
88725
88723
88720
88714
88714
88707
88704
88699
88696
88675
88663
88659
88655
88654
88652
88637
88631
88630
88627
88623
88621
88612
88599
88596
88577
88575
88574
88555
88553
88543
88530
88524
88520
88507
88499
88499
88472
88468
88457
88442
88398
88392
88375
88372
88370
88362
88361
88344
88323
88321
88311
88275
88272
88271
88250
88236
88233
88211
88209
88208
88186
88183
88179
88175
88167
88161
88148
88136
88133
88127
88115
88105
88088
88080
88063
88043
88034
88032
88001
87985
87981
87981
87976
87971
87963
87930
87929
87927
87902
87895
87894
87891
87883
87879
87861
87851
87823
87822
87816
87814
87813
87789
87782
87780
87777
87767
87754
87744
87744
87742
87739
87736
87696
87605
87601
87589
87582
87563
87556
87551
87547
87535
87531
87521
87504
87497
87488
87484
87475
87473
87470
87459
87448
87440
87427
87409
87390
87384
87384
87381
87379
87375
87370
87328
87322
87308
87307
87296
87291
87283
87272
87272
87258
87253
87214
87211
87204
87198
87193
87154
87128
87119
87115
87094
87092
87089
87078
87063
87044
87026
87009
86963
86961
86956
86952
86950
86925
86916
86910
86893
86889
86881
86868
86855
86850
86843
86833
86828
86800
86800
86797
86796
86772
86751
86748
86742
86742
86726
86721
86720
86711
86709
86702
86689
86686
86684
86671
86643
86633
86627
86626
86613
86609
86605
86601
86581
86571
86544
86536
86497
86487
86481
86475
86467
86459
86426
86416
86414
86409
86405
86405
86403
86403
86375
86372
86366
86363
86350
86346
86320
86319
86316
86311
86298
86261
86242
86236
86236
86230
86229
86200
86193
86191
86158
86151
86143
86139
86136
86117
86111
86091
86087
86087
86082
86081
86066
86064
86063
86058
86047
86038
86033
86017
85984
85961
85960
85949
85942
85938
85935
85909
85907
85890
85877
85868
85861
85858
85855
85854
85851
85848
85843
85843
85840
85819
85800
85791
85768
85766
85732
85732
85730
85730
85709
85702
85700
85697
85688
85683
85663
85663
85649
85635
85625
85624
85616
85603
85601
85582
85579
85578
85569
85565
85556
85545
85540
85526
85525
85517
85516
85507
85493
85488
85478
85471
85390
85379
85371
85370
85367
85334
85330
85321
85313
85308
85291
85280
85278
85275
85275
85260
85246
85236
85225
85225
85210
85207
85206
85198
85189
85181
85175
85166
85166
85159
85140
85138
85125
85122
85122
85118
85073
85072
85072
85069
85060
85059
85057
85049
85049
85008
84987
84984
84980
84942
84940
84938
84932
84923
84909
84902
84897
84893
84892
84866
84836
84833
84824
84810
84808
84804
84802
84776
84776
84770
84731
84695
84689
84669
84639
84636
84632
84621
84615
84585
84561
84552
84550
84542
84534
84527
84520
84515
84513
84512
84507
84505
84500
84490
84489
84441
84434
84430
84427
84424
84422
84405
84403
84396
84390
84382
84349
84324
84310
84309
84306
84300
84288
84283
84275
84274
84264
84258
84255
84253
84250
84240
84212
84197
84191
84186
84179
84166
84165
84136
84116
84111
84104
84086
84062
84059
84045
84032
84018
83995
83994
83983
83978
83969
83967
83962
83957
83957
83949
83947
83911
83908
83903
83903
83902
83896
83893
83882
83880
83877
83873
83872
83866
83846
83845
83833
83828
83818
83798
83776
83754
83751
83747
83744
83741
83740
83738
83714
83706
83704
83696
83688
83685
83664
83645
83642
83613
83609
83578
83570
83562
83561
83560
83543
83532
83508
83505
83474
83468
83458
83453
83452
83408
83402
83398
83392
83367
83348
83340
83339
83294
83293
83264
83262
83258
83256
83254
83251
83237
83212
83211
83195
83180
83168
83151
83150
83147
83144
83140
83125
83124
83122
83097
83090
83077
83053
83026
82996
82995
82983
82949
82943
82912
82905
82884
82881
82879
82876
82874
82839
82808
82795
82787
82779
82778
82775
82762
82746
82745
82730
82728
82726
82678
82641
82629
82626
82622
82613
82583
82574
82565
82564
82557
82555
82543
82542
82517
82498
82489
82473
82466
82457
82448
82424
82406
82395
82393
82384
82382
82380
82376
82357
82354
82353
82303
82272
82267
82265
82251
82247
82230
82229
82226
82192
82190
82183
82146
82139
82104
82102
82083
82083
82076
82072
82064
82063
82063
82033
82023
81999
81982
81979
81968
81960
81939
81925
81915
81914
81891
81880
81878
81877
81869
81858
81834
81821
81816
81810
81798
81793
81762
81755
81742
81738
81718
81715
81712
81696
81688
81666
81666
81659
81643
81621
81605
81602
81588
81579
81575
81561
81538
81530
81482
81465
81454
81454
81443
81436
81408
81407
81398
81397
81392
81372
81359
81350
81347
81345
81343
81325
81316
81297
81277
81276
81274
81263
81251
81248
81234
81232
81224
81209
81200
81192
81188
81177
81167
81136
81133
81124
81117
81111
81105
81090
81069
81064
81041
81033
81031
81025
81022
81011
81006
81001
80986
80983
80982
80975
80968
80937
80924
80904
80875
80871
80863
80861
80839
80820
80816
80812
80797
80797
80779
80778
80750
80745
80734
80720
80714
80711
80707
80685
80682
80656
80650
80620
80586
80582
80578
80574
80574
80573
80561
80560
80558
80535
80530
80525
80522
80510
80509
80508
80491
80478
80443
80418
80413
80388
80346
80343
80332
80297
80291
80287
80281
80276
80262
80261
80260
80254
80250
80244
80241
80239
80187
80183
80182
80174
80163
80154
80151
80136
80120
80115
80112
80089
80039
80038
80036
80022
80020
80018
80015
79986
79981
79960
79940
79914
79905
79896
79889
79885
79874
79868
79848
79845
79832
79806
79792
79769
79759
79758
79747
79742
79734
79728
79726
79724
79717
79716
79704
79702
79694
79682
79642
79637
79627
79617
79614
79601
79600
79578
79573
79570
79558
79556
79551
79544
79524
79522
79507
79493
79476
79462
79450
79446
79440
79429
79408
79375
79369
79369
79357
79351
79350
79344
79336
79334
79330
79325
79324
79323
79251
79240
79235
79220
79219
79218
79217
79184
79169
79161
79158
79150
79138
79128
79105
79104
79037
79034
79009
78991
78965
78941
78936
78916
78905
78901
78898
78876
78868
78860
78859
78857
78849
78839
78804
78801
78793
78788
78762
78752
78740
78719
78717
78700
78700
78690
78683
78648
78641
78636
78634
78621
78615
78610
78609
78604
78603
78591
78590
78584
78582
78572
78570
78564
78562
78562
78540
78528
78518
78509
78507
78495
78493
78491
78482
78478
78478
78419
78415
78389
78361
78358
78351
78348
78347
78339
78331
78327
78322
78301
78295
78286
78285
78282
78274
78269
78242
78208
78178
78164
78163
78163
78151
78150
78149
78149
78133
78128
78127
78101
78099
78093
78074
78071
78041
78040
78035
78021
78013
78009
77992
77992
77990
77988
77988
77977
77976
77976
77951
77932
77922
77908
77895
77881
77879
77872
77864
77858
77842
77837
77821
77820
77818
77800
77781
77780
77780
77780
77778
77758
77736
77726
77699
77691
77690
77683
77683
77679
77676
77672
77670
77669
77664
77660
77653
77652
77634
77622
77612
77603
77548
77537
77515
77514
77513
77507
77487
77482
77475
77473
77471
77461
77451
77449
77448
77448
77446
77441
77435
77426
77416
77407
77405
77401
77393
77377
77376
77373
77366
77363
77345
77265
77255
77253
77240
77232
77226
77214
77209
77206
77163
77151
77148
77107
77100
77080
77079
77078
77071
77053
77052
77018
77016
77014
77008
76995
76987
76984
76983
76978
76971
76955
76950
76932
76925
76924
76922
76916
76916
76900
76896
76890
76888
76888
76877
76869
76866
76865
76861
76858
76858
76835
76823
76810
76806
76801
76795
76790
76771
76767
76765
76760
76754
76715
76713
76686
76683
76661
76650
76632
76631
76626
76624
76612
76589
76575
76552
76542
76535
76510
76505
76498
76475
76468
76448
76444
76426
76425
76377
76370
76344
76338
76327
76323
76304
76301
76296
76296
76294
76286
76278
76276
76275
76262
76254
76252
76242
76234
76226
76220
76215
76213
76196
76193
76159
76142
76136
76119
76117
76109
76096
76078
76075
76068
76053
76028
76018
76010
76004
76001
76000
75996
75980
75969
75967
75962
75957
75951
75941
75923
75913
75905
75899
75897
75874
75872
75868
75864
75862
75856
75847
75841
75822
75820
75804
75793
75788
75769
75767
75762
75751
75745
75733
75723
75709
75706
75647
75636
75636
75621
75615
75614
75602
75575
75568
75546
75545
75521
75517
75514
75513
75510
75488
75482
75470
75467
75466
75458
75441
75441
75418
75418
75413
75412
75411
75397
75394
75379
75358
75358
75355
75350
75349
75338
75331
75302
75299
75291
75291
75279
75277
75275
75273
75263
75261
75260
75254
75248
75241
75239
75235
75226
75222
75221
75202
75193
75184
75180
75162
75155
75134
75130
75130
75126
75086
75086
75080
75072
75065
75052
75037
75032
75024
75014
75012
75006
75004
75000
74991
74984
74971
74930
74929
74926
74897
74885
74856
74847
74846
74845
74842
74834
74833
74829
74818
74808
74801
74757
74745
74740
74713
74704
74694
74692
74689
74680
74677
74669
74657
74652
74643
74641
74630
74624
74612
74595
74594
74590
74586
74585
74572
74555
74535
74529
74505
74490
74473
74442
74442
74440
74439
74426
74425
74423
74396
74380
74372
74368
74363
74351
74348
74333
74331
74314
74312
74294
74291
74284
74276
74231
74217
74209
74196
74167
74140
74125
74104
74101
74098
74083
74075
74069
74066
74052
74051
74038
74036
74025
74012
74007
74003
73995
73995
73983
73966
73949
73943
73942
73923
73919
73899
73898
73891
73818
73779
73773
73768
73760
73760
73744
73735
73734
73719
73716
73715
73711
73709
73691
73688
73681
73679
73679
73678
73639
73638
73633
73620
73604
73604
73599
73580
73571
73568
73560
73547
73533
73524
73523
73520
73511
73508
73508
73503
73503
73496
73471
73447
73437
73433
73418
73416
73416
73409
73402
73399
73398
73395
73387
73369
73355
73350
73345
73326
73297
73291
73268
73264
73233
73208
73201
73180
73154
73131
73129
73110
73089
73084
73081
73080
73072
73072
73071
73068
73057
73048
73047
73044
73009
72993
72990
72979
72972
72966
72958
72954
72946
72931
72931
72913
72880
72880
72857
72853
72850
72828
72827
72812
72809
72803
72799
72798
72798
72780
72760
72755
72753
72752
72736
72727
72686
72677
72674
72672
72655
72648
72646
72634
72633
72632
72629
72624
72622
72607
72594
72580
72564
72563
72562
72562
72560
72548
72539
72537
72535
72534
72532
72523
72513
72498
72495
72493
72491
72484
72476
72472
72470
72469
72462
72452
72446
72436
72413
72370
72354
72354
72352
72349
72349
72333
72325
72306
72305
72269
72260
72255
72237
72220
72208
72196
72173
72172
72156
72134
72127
72116
72107
72104
72090
72066
72055
72053
72028
72023
72018
72012
72008
71994
71989
71979
71964
71961
71951
71928
71921
71912
71909
71906
71901
71900
71899
71893
71888
71864
71863
71858
71856
71847
71831
71825
71778
71755
71747
71723
71722
71718
71702
71685
71684
71669
71647
71629
71624
71618
71618
71607
71604
71604
71602
71589
71589
71585
71572
71541
71511
71506
71500
71490
71487
71481
71460
71458
71452
71444
71438
71433
71425
71420
71416
71405
71393
71393
71371
71368
71359
71345
71313
71309
71309
71300
71290
71279
71277
71270
71251
71243
71237
71222
71214
71205
71203
71201
71197
71191
71183
71168
71149
71141
71138
71120
71116
71114
71080
71071
71071
71039
71026
71015
71001
70998
70994
70977
70976
70974
70960
70955
70935
70924
70897
70887
70865
70865
70862
70830
70813
70802
70790
70763
70754
70746
70744
70724
70718
70707
70702
70683
70683
70663
70661
70639
70631
70622
70618
70616
70616
70607
70584
70579
70560
70557
70545
70539
70539
70539
70536
70530
70525
70519
70509
70506
70505
70500
70487
70478
70477
70468
70463
70458
70448
70447
70442
70430
70423
70422
70422
70416
70415
70408
70381
70377
70369
70363
70358
70340
70330
70320
70314
70312
70297
70292
70290
70286
70281
70263
70249
70248
70235
70232
70231
70228
70226
70222
70212
70201
70180
70178
70175
70138
70132
70132
70127
70124
70118
70113
70104
70094
70074
70060
70055
70040
70036
70034
70028
70026
70014
70011
69987
69977
69971
69964
69962
69957
69949
69947
69936
69935
69934
69926
69925
69922
69902
69895
69865
69860
69854
69838
69828
69828
69812
69806
69802
69797
69797
69790
69788
69782
69759
69738
69737
69734
69731
69723
69714
69695
69690
69687
69680
69680
69670
69658
69652
69646
69644
69632
69631
69622
69621
69618
69595
69588
69577
69571
69560
69552
69550
69537
69521
69506
69472
69471
69468
69467
69465
69463
69463
69462
69438
69432
69420
69420
69415
69406
69380
69360
69336
69335
69316
69316
69315
69306
69298
69245
69245
69236
69226
69216
69209
69200
69168
69145
69142
69134
69130
69119
69103
69098
69093
69085
69080
69027
69013
69012
69011
68993
68985
68980
68970
68965
68964
68962
68951
68941
68939
68917
68877
68876
68851
68845
68835
68828
68818
68799
68781
68768
68758
68755
68752
68751
68744
68728
68724
68723
68697
68676
68672
68668
68665
68654
68653
68651
68649
68633
68633
68632
68620
68616
68583
68562
68557
68544
68541
68540
68532
68521
68515
68505
68470
68467
68453
68452
68451
68447
68442
68434
68414
68408
68396
68373
68371
68370
68367
68361
68338
68337
68336
68325
68318
68307
68279
68273
68265
68251
68251
68227
68208
68207
68198
68172
68167
68166
68146
68098
68088
68082
68066
68065
68057
68042
68031
68028
68025
68020
68009
68004
68003
68003
67988
67987
67984
67979
67977
67964
67959
67955
67941
67941
67898
67888
67884
67879
67872
67844
67841
67826
67826
67815
67788
67788
67772
67771
67723
67717
67710
67707
67701
67696
67659
67647
67628
67620
67613
67597
67586
67586
67584
67582
67575
67573
67564
67547
67544
67540
67537
67537
67530
67513
67506
67504
67503
67498
67491
67487
67484
67476
67464
67462
67449
67435
67401
67398
67367
67358
67355
67332
67328
67323
67316
67315
67294
67285
67284
67276
67272
67266
67261
67250
67246
67244
67241
67240
67213
67200
67175
67146
67105
67104
67087
67070
67063
67057
67049
67046
67037
67000
66994
66977
66968
66958
66957
66957
66939
66936
66915
66914
66884
66875
66864
66857
66851
66850
66845
66829
66818
66814
66793
66787
66747
66745
66741
66701
66699
66696
66680
66665
66661
66661
66652
66629
66626
66625
66620
66614
66575
66550
66533
66517
66501
66497
66488
66488
66485
66462
66457
66431
66413
66412
66406
66405
66396
66395
66389
66374
66360
66346
66345
66330
66321
66314
66286
66277
66261
66255
66250
66248
66244
66229
66183
66170
66139
66129
66119
66108
66104
66080
66077
66047
66044
66038
66036
66010
66007
65997
65976
65972
65967
65954
65917
65898
65855
65849
65821
65819
65787
65785
65782
65766
65736
65735
65705
65703
65679
65676
65665
65614
65612
65610
65599
65599
65583
65581
65577
65568
65562
65551
65548
65548
65543
65531
65523
65523
65516
65502
65498
65485
65477
65439
65434
65409
65402
65391
65382
65377
65372
65359
65357
65351
65351
65342
65334
65332
65323
65319
65319
65318
65309
65301
65296
65281
65280
65261
65261
65259
65252
65250
65213
65207
65200
65181
65176
65166
65162
65156
65153
65151
65149
65147
65147
65145
65141
65138
65138
65127
65126
65122
65119
65109
65105
65090
65088
65088
65056
65053
65052
65045
65024
64978
64964
64957
64956
64955
64954
64938
64931
64929
64921
64915
64912
64909
64879
64841
64830
64827
64810
64801
64777
64761
64760
64759
64757
64750
64727
64714
64699
64691
64654
64651
64630
64625
64623
64611
64600
64592
64538
64526
64517
64513
64503
64496
64494
64466
64465
64455
64431
64424
64414
64399
64398
64390
64388
64384
64364
64352
64324
64319
64311
64298
64296
64286
64278
64254
64246
64244
64243
64241
64234
64229
64227
64223
64212
64201
64189
64187
64179
64175
64172
64166
64160
64158
64156
64155
64138
64135
64129
64125
64125
64123
64122
64122
64118
64102
64098
64087
64085
64072
64066
64056
64029
64019
64000
63985
63959
63957
63950
63929
63921
63912
63901
63892
63876
63859
63837
63832
63826
63826
63813
63789
63780
63780
63764
63754
63738
63732
63718
63716
63716
63709
63705
63700
63696
63695
63691
63690
63688
63684
63681
63679
63665
63653
63649
63633
63632
63625
63551
63541
63539
63526
63511
63509
63499
63485
63480
63477
63474
63470
63458
63442
63430
63421
63417
63393
63386
63380
63379
63378
63367
63360
63357
63350
63337
63317
63302
63301
63290
63280
63260
63246
63245
63231
63229
63223
63214
63207
63198
63188
63184
63173
63172
63143
63139
63133
63124
63107
63094
63094
63093
63091
63091
63088
63086
63080
63070
63021
63012
62992
62976
62962
62948
62935
62915
62914
62910
62909
62906
62901
62877
62872
62858
62846
62839
62823
62812
62796
62794
62786
62771
62764
62754
62751
62747
62736
62726
62682
62668
62657
62644
62627
62622
62613
62613
62605
62592
62575
62565
62564
62543
62540
62539
62533
62515
62497
62493
62491
62485
62480
62477
62470
62462
62461
62421
62413
62405
62397
62382
62381
62377
62334
62318
62317
62314
62310
62309
62308
62302
62301
62299
62296
62296
62295
62265
62260
62258
62255
62240
62227
62218
62203
62197
62187
62162
62139
62129
62128
62112
62068
62061
62056
62046
62041
62027
62025
62012
61989
61985
61976
61975
61955
61954
61932
61921
61913
61903
61899
61896
61886
61884
61877
61873
61867
61843
61836
61833
61819
61818
61818
61809
61786
61781
61769
61764
61754
61754
61740
61731
61729
61708
61694
61693
61673
61669
61656
61639
61636
61632
61629
61619
61605
61576
61562
61562
61551
61541
61538
61515
61501
61482
61473
61459
61444
61441
61435
61415
61412
61405
61402
61397
61389
61355
61353
61322
61322
61267
61253
61237
61225
61224
61208
61203
61181
61180
61167
61165
61159
61130
61122
61094
61086
61080
61072
61067
61067
61049
61044
61040
61027
61016
61016
61011
60972
60970
60965
60963
60923
60910
60900
60897
60893
60889
60889
60875
60848
60847
60824
60823
60819
60814
60800
60786
60779
60769
60763
60756
60723
60721
60721
60709
60705
60702
60700
60695
60669
60655
60641
60628
60617
60597
60568
60559
60555
60543
60528
60528
60524
60522
60520
60510
60509
60507
60491
60491
60469
60469
60453
60444
60426
60423
60422
60419
60405
60393
60377
60373
60344
60344
60343
60336
60333
60326
60325
60317
60312
60308
60294
60263
60259
60244
60220
60218
60197
60195
60195
60195
60188
60156
60136
60136
60125
60125
60124
60123
60122
60115
60113
60108
60092
60067
60066
60065
60060
60060
60056
60055
60053
60046
60045
60041
60040
60027
60019
60016
60015
60008
59989
59974
59946
59936
59918
59907
59885
59873
59866
59866
59861
59860
59846
59823
59818
59818
59810
59807
59805
59805
59800
59799
59777
59764
59762
59749
59742
59736
59695
59689
59687
59678
59675
59635
59634
59622
59618
59598
59593
59590
59577
59565
59564
59556
59550
59542
59535
59534
59499
59485
59479
59477
59477
59475
59470
59455
59454
59440
59428
59412
59409
59390
59378
59378
59375
59367
59363
59363
59362
59357
59346
59338
59312
59293
59280
59278
59265
59244
59215
59209
59197
59196
59192
59191
59182
59161
59155
59103
59103
59095
59073
59072
59061
59053
59013
59007
59007
59003
58988
58968
58965
58957
58949
58943
58928
58899
58876
58859
58853
58845
58838
58836
58821
58802
58784
58776
58772
58753
58732
58721
58719
58705
58702
58690
58670
58658
58658
58655
58651
58639
58629
58625
58611
58577
58569
58568
58568
58561
58556
58551
58547
58540
58534
58514
58501
58479
58478
58473
58463
58458
58455
58453
58429
58414
58398
58396
58394
58376
58372
58331
58331
58329
58320
58278
58271
58270
58263
58247
58243
58233
58217
58209
58196
58180
58166
58137
58136
58132
58103
58096
58086
58081
58078
58077
58072
58062
58058
58049
58044
58042
58030
58025
57996
57995
57995
57976
57966
57963
57932
57925
57923
57899
57898
57887
57874
57863
57843
57841
57835
57801
57798
57785
57780
57774
57773
57762
57761
57753
57729
57729
57717
57716
57696
57695
57690
57672
57607
57602
57597
57595
57587
57585
57580
57577
57571
57562
57544
57490
57490
57478
57476
57470
57469
57468
57464
57459
57440
57435
57434
57426
57409
57403
57403
57399
57381
57376
57364
57347
57343
57339
57336
57321
57299
57295
57288
57280
57272
57252
57238
57233
57215
57207
57202
57194
57176
57169
57167
57164
57163
57160
57149
57148
57147
57140
57139
57125
57110
57104
57093
57085
57071
57069
57067
57056
57052
57052
57038
57010
57004
57001
56994
56994
56990
56988
56970
56969
56967
56965
56965
56959
56956
56947
56929
56923
56883
56855
56818
56811
56811
56798
56796
56792
56780
56779
56773
56754
56751
56751
56750
56748
56746
56726
56724
56719
56704
56699
56694
56686
56678
56669
56668
56668
56664
56659
56654
56638
56635
56633
56631
56626
56625
56624
56616
56612
56597
56576
56527
56518
56509
56497
56489
56477
56474
56460
56456
56450
56435
56430
56424
56421
56419
56416
56415
56413
56404
56367
56366
56363
56359
56355
56354
56339
56336
56332
56327
56321
56306
56296
56292
56290
56280
56266
56266
56254
56253
56246
56231
56229
56209
56209
56206
56192
56189
56178
56169
56155
56151
56146
56119
56083
56046
56043
56034
56016
55994
55972
55971
55968
55960
55955
55946
55935
55930
55927
55916
55914
55908
55908
55904
55901
55891
55874
55852
55835
55823
55821
55811
55810
55809
55775
55766
55759
55750
55748
55736
55718
55695
55695
55693
55672
55664
55660
55650
55646
55641
55636
55615
55609
55558
55555
55539
55520
55512
55495
55448
55439
55426
55421
55410
55408
55389
55389
55375
55354
55353
55343
55341
55339
55323
55322
55301
55282
55276
55270
55264
55263
55234
55216
55210
55188
55182
55181
55173
55162
55154
55148
55136
55112
55095
55095
55095
55087
55085
55077
55070
55048
55047
55047
55042
55031
55030
55026
55025
55016
54994
54992
54985
54984
54963
54960
54929
54916
54911
54909
54904
54902
54897
54897
54886
54863
54860
54829
54815
54813
54807
54800
54796
54777
54766
54757
54749
54735
54720
54709
54701
54699
54690
54683
54683
54656
54635
54615
54607
54584
54583
54580
54565
54549
54548
54538
54520
54507
54506
54488
54485
54473
54471
54469
54468
54445
54442
54404
54404
54403
54395
54379
54367
54360
54318
54318
54306
54285
54276
54261
54245
54236
54234
54226
54224
54216
54209
54191
54189
54183
54171
54149
54134
54129
54122
54120
54117
54111
54098
54092
54048
54041
54030
54003
53991
53977
53974
53950
53922
53915
53914
53912
53894
53854
53852
53846
53839
53823
53809
53803
53796
53795
53794
53785
53784
53782
53777
53773
53764
53760
53757
53757
53750
53744
53736
53713
53703
53680
53678
53673
53670
53670
53661
53660
53640
53636
53633
53630
53629
53626
53611
53606
53605
53594
53587
53577
53576
53574
53562
53561
53561
53542
53531
53530
53529
53517
53512
53508
53505
53504
53500
53456
53455
53453
53447
53443
53420
53415
53411
53404
53399
53399
53375
53374
53370
53361
53359
53341
53327
53319
53307
53305
53293
53293
53291
53280
53279
53276
53259
53254
53252
53244
53240
53240
53234
53210
53205
53179
53178
53171
53164
53142
53137
53088
53084
53070
53064
53061
53051
53023
53023
53005
52987
52968
52943
52937
52911
52909
52902
52898
52892
52889
52883
52883
52882
52879
52864
52860
52859
52824
52818
52806
52806
52798
52768
52748
52736
52705
52703
52674
52663
52640
52635
52610
52609
52598
52597
52592
52587
52580
52568
52566
52566
52565
52563
52538
52515
52512
52508
52499
52497
52480
52474
52453
52438
52422
52418
52414
52380
52370
52353
52348
52343
52334
52310
52307
52293
52234
52224
52221
52218
52198
52183
52174
52174
52154
52149
52146
52139
52133
52127
52122
52122
52120
52120
52119
52106
52079
52076
52070
52068
52068
52062
52048
52046
52036
52034
52023
52007
51992
51977
51969
51967
51954
51942
51935
51927
51926
51892
51889
51886
51886
51870
51854
51852
51828
51818
51805
51795
51785
51778
51774
51774
51766
51764
51763
51761
51750
51736
51720
51719
51712
51712
51711
51710
51705
51699
51674
51673
51660
51632
51592
51564
51539
51499
51499
51473
51453
51452
51437
51434
51416
51394
51389
51382
51332
51331
51317
51303
51287
51260
51251
51249
51246
51242
51238
51238
51223
51207
51198
51190
51170
51167
51163
51142
51141
51135
51126
51119
51114
51112
51107
51099
51084
51083
51069
51064
51053
51046
51013
50977
50966
50933
50925
50919
50919
50903
50894
50871
50859
50856
50821
50816
50813
50799
50798
50794
50786
50785
50785
50758
50740
50720
50715
50705
50684
50682
50675
50674
50674
50672
50663
50642
50634
50633
50628
50612
50597
50589
50579
50578
50574
50564
50506
50505
50500
50487
50477
50459
50457
50452
50449
50445
50442
50432
50429
50423
50415
50410
50409
50375
50374
50368
50366
50352
50345
50340
50336
50313
50308
50307
50300
50286
50279
50276
50275
50270
50254
50248
50223
50196
50192
50189
50177
50165
50153
50120
50116
50112
50107
50105
50103
50074
50057
50039
50031
50017
50003
50003
49962
49947
49913
49913
49898
49891
49878
49857
49848
49829
49822
49822
49813
49803
49782
49773
49761
49753
49747
49737
49729
49728
49721
49717
49707
49700
49682
49674
49673
49666
49665
49664
49628
49628
49624
49600
49597
49596
49593
49575
49569
49565
49554
49534
49534
49515
49515
49499
49492
49485
49484
49476
49473
49443
49433
49431
49419
49402
49379
49356
49353
49322
49320
49313
49313
49304
49283
49281
49275
49240
49227
49204
49197
49187
49185
49158
49147
49110
49107
49102
49067
49067
49038
49034
49032
49032
49026
49024
49021
49016
48997
48980
48977
48968
48946
48933
48931
48906
48905
48900
48879
48863
48860
48858
48855
48847
48823
48813
48808
48774
48771
48770
48769
48767
48755
48732
48731
48722
48715
48700
48691
48689
48680
48679
48676
48661
48660
48655
48653
48638
48637
48632
48620
48616
48607
48589
48588
48585
48579
48576
48571
48566
48563
48551
48547
48525
48522
48494
48490
48482
48454
48454
48444
48444
48436
48431
48424
48419
48397
48386
48375
48368
48331
48315
48312
48278
48265
48259
48256
48250
48239
48216
48206
48206
48196
48190
48176
48170
48163
48157
48151
48139
48132
48102
48090
48088
48078
48054
48052
48051
48036
48025
48021
48020
48017
48004
47996
47987
47982
47974
47974
47969
47942
47933
47907
47905
47898
47894
47890
47889
47867
47860
47847
47839
47802
47799
47793
47777
47768
47762
47726
47722
47718
47715
47681
47663
47659
47604
47599
47562
47560
47557
47552
47546
47518
47495
47487
47478
47472
47459
47453
47448
47447
47439
47418
47409
47399
47399
47398
47396
47392
47386
47384
47380
47371
47370
47369
47357
47355
47354
47352
47351
47342
47322
47316
47315
47313
47303
47289
47278
47265
47264
47259
47237
47229
47225
47220
47219
47218
47204
47188
47159
47134
47128
47107
47097
47095
47090
47076
47064
47043
47034
47009
46997
46984
46977
46976
46975
46964
46963
46962
46919
46913
46911
46911
46877
46846
46845
46845
46840
46831
46827
46818
46808
46806
46806
46803
46801
46799
46786
46783
46772
46760
46760
46751
46748
46741
46726
46724
46701
46698
46683
46683
46678
46674
46665
46656
46655
46646
46641
46639
46639
46637
46633
46608
46602
46597
46593
46585
46579
46577
46564
46557
46553
46551
46547
46533
46529
46519
46497
46480
46479
46478
46475
46473
46454
46448
46443
46439
46422
46420
46404
46397
46382
46370
46367
46362
46343
46342
46341
46332
46327
46320
46319
46297
46295
46275
46265
46259
46244
46237
46224
46206
46203
46199
46199
46167
46150
46146
46143
46132
46131
46129
46124
46112
46111
46104
46097
46081
46080
46075
46064
46062
46046
46034
46019
46010
46009
45988
45983
45982
45974
45971
45963
45952
45929
45914
45905
45877
45875
45867
45865
45859
45858
45857
45854
45851
45840
45817
45810
45808
45806
45805
45802
45770
45758
45744
45740
45706
45703
45703
45702
45699
45690
45690
45678
45676
45644
45629
45623
45611
45602
45600
45596
45592
45587
45584
45577
45577
45567
45545
45539
45539
45531
45530
45526
45525
45520
45517
45514
45507
45496
45493
45482
45477
45457
45445
45441
45440
45435
45428
45420
45418
45412
45398
45388
45382
45378
45363
45361
45358
45352
45349
45340
45339
45334
45323
45315
45309
45308
45301
45297
45269
45268
45267
45249
45239
45217
45213
45199
45191
45174
45169
45163
45143
45140
45123
45106
45101
45099
45092
45082
45072
45046
45041
45028
45006
45000
44993
44982
44978
44973
44971
44966
44958
44942
44916
44900
44898
44888
44875
44853
44850
44844
44843
44840
44838
44821
44815
44794
44786
44783
44775
44766
44727
44722
44720
44701
44698
44698
44690
44665
44638
44620
44616
44615
44602
44598
44590
44580
44572
44569
44568
44547
44530
44522
44521
44519
44517
44508
44501
44494
44492
44477
44476
44472
44467
44457
44450
44447
44445
44433
44429
44396
44386
44383
44380
44378
44365
44360
44354
44351
44348
44342
44310
44300
44291
44286
44283
44265
44233
44228
44227
44225
44217
44214
44205
44201
44198
44197
44168
44167
44151
44143
44134
44122
44121
44097
44087
44079
44070
44057
44052
44050
44049
44029
44027
44021
44016
44012
44009
43996
43967
43953
43916
43914
43908
43906
43891
43887
43879
43874
43869
43847
43831
43813
43801
43797
43784
43751
43751
43750
43736
43736
43727
43725
43716
43707
43692
43680
43680
43679
43660
43651
43646
43643
43619
43604
43584
43537
43527
43525
43512
43504
43494
43493
43471
43454
43452
43451
43445
43440
43413
43403
43396
43392
43389
43381
43381
43372
43363
43349
43346
43343
43319
43314
43310
43299
43298
43296
43292
43289
43282
43265
43263
43241
43231
43231
43218
43207
43181
43175
43144
43133
43127
43125
43116
43087
43082
43066
43065
43054
43041
43025
43025
43023
43021
43001
42982
42966
42956
42954
42951
42941
42883
42868
42864
42855
42841
42831
42825
42819
42811
42804
42802
42786
42772
42766
42755
42751
42747
42728
42716
42687
42672
42665
42656
42625
42617
42615
42603
42586
42581
42570
42567
42560
42559
42529
42528
42518
42505
42488
42482
42477
42463
42458
42457
42450
42419
42405
42370
42368
42359
42339
42309
42300
42293
42249
42238
42205
42200
42190
42184
42167
42128
42125
42121
42120
42113
42070
42068
42039
41995
41971
41966
41959
41934
41933
41923
41923
41904
41902
41888
41885
41879
41862
41858
41856
41853
41848
41841
41835
41832
41830
41829
41803
41785
41773
41773
41768
41767
41758
41747
41747
41729
41712
41708
41705
41689
41677
41676
41648
41638
41626
41620
41618
41617
41611
41602
41597
41561
41537
41467
41465
41448
41431
41390
41389
41382
41371
41366
41355
41353
41343
41332
41325
41320
41319
41309
41305
41304
41300
41289
41287
41282
41281
41275
41259
41254
41248
41244
41240
41239
41238
41220
41204
41190
41190
41179
41179
41177
41164
41159
41132
41128
41127
41124
41121
41097
41095
41084
41074
41053
41045
41042
41026
41022
41009
41002
40994
40991
40983
40981
40977
40976
40974
40972
40967
40965
40958
40957
40922
40904
40898
40896
40892
40882
40842
40838
40836
40831
40819
40818
40816
40795
40789
40783
40770
40769
40768
40765
40761
40756
40738
40735
40731
40730
40713
40712
40705
40691
40682
40667
40659
40658
40656
40651
40649
40644
40637
40619
40605
40573
40552
40523
40495
40462
40451
40433
40432
40419
40410
40395
40390
40389
40387
40384
40364
40355
40353
40347
40346
40339
40326
40322
40304
40298
40280
40277
40273
40240
40227
40222
40219
40214
40208
40207
40206
40206
40171
40158
40147
40141
40139
40089
40086
40081
40081
40080
40077
40072
40063
40049
40034
40024
39982
39982
39976
39955
39937
39931
39930
39913
39912
39908
39900
39889
39857
39831
39826
39780
39752
39732
39714
39713
39694
39672
39662
39661
39651
39641
39632
39631
39622
39602
39594
39585
39541
39538
39519
39518
39516
39481
39479
39471
39439
39379
39377
39365
39356
39348
39342
39322
39318
39314
39311
39310
39284
39278
39266
39252
39250
39242
39236
39235
39223
39188
39186
39185
39180
39161
39152
39137
39135
39103
39082
39078
39045
39024
39011
39006
39006
38956
38950
38947
38945
38932
38924
38910
38891
38876
38869
38861
38849
38833
38824
38815
38800
38790
38786
38752
38742
38732
38699
38693
38675
38666
38627
38624
38619
38615
38612
38608
38598
38595
38572
38569
38567
38560
38554
38546
38518
38502
38495
38494
38482
38472
38468
38443
38441
38434
38433
38414
38404
38386
38381
38378
38377
38369
38362
38342
38340
38322
38317
38306
38304
38294
38292
38261
38260
38254
38238
38234
38214
38212
38199
38190
38181
38174
38155
38151
38143
38132
38127
38124
38109
38093
38085
38082
38076
38049
38047
38044
38002
38000
37996
37992
37969
37944
37942
37941
37925
37923
37916
37893
37889
37884
37882
37876
37872
37871
37865
37860
37850
37849
37821
37819
37793
37777
37773
37754
37749
37749
37742
37730
37725
37724
37717
37715
37712
37708
37696
37695
37685
37682
37680
37679
37678
37675
37659
37658
37649
37647
37632
37622
37615
37574
37572
37561
37550
37546
37541
37520
37496
37489
37480
37476
37476
37474
37473
37457
37457
37454
37425
37424
37422
37406
37396
37392
37390
37380
37372
37372
37372
37365
37358
37342
37334
37330
37310
37305
37276
37258
37257
37250
37245
37245
37237
37219
37206
37203
37203
37202
37199
37196
37194
37194
37187
37182
37161
37156
37154
37152
37151
37146
37133
37131
37128
37122
37116
37113
37109
37098
37090
37085
37080
37058
37057
37018
37017
37005
37000
36997
36994
36985
36966
36951
36947
36937
36932
36926
36905
36900
36896
36881
36836
36819
36816
36791
36789
36775
36744
36725
36723
36705
36704
36700
36698
36693
36677
36665
36658
36646
36644
36636
36633
36630
36619
36609
36603
36562
36552
36522
36504
36492
36488
36486
36485
36480
36476
36467
36461
36445
36427
36427
36409
36409
36392
36381
36369
36367
36354
36350
36331
36319
36319
36317
36305
36302
36300
36296
36293
36279
36266
36262
36260
36258
36241
36240
36224
36213
36210
36170
36161
36157
36157
36154
36151
36141
36130
36120
36115
36105
36085
36084
36052
36047
36025
36019
36003
36002
35973
35969
35962
35940
35933
35924
35900
35895
35891
35891
35887
35885
35874
35856
35846
35825
35823
35823
35817
35802
35793
35783
35777
35759
35759
35756
35739
35737
35734
35733
35733
35723
35714
35709
35703
35694
35684
35674
35649
35627
35622
35618
35616
35612
35604
35581
35566
35563
35563
35558
35535
35514
35513
35512
35511
35510
35506
35501
35500
35496
35491
35490
35460
35451
35443
35441
35432
35427
35404
35404
35401
35383
35332
35328
35321
35302
35285
35270
35266
35259
35217
35200
35175
35166
35153
35139
35137
35106
35096
35094
35081
35081
35080
35080
35070
35065
35048
35031
35030
35029
35003
34982
34969
34936
34933
34923
34896
34881
34871
34852
34850
34845
34815
34805
34797
34780
34777
34776
34771
34767
34758
34755
34754
34738
34731
34691
34667
34651
34641
34640
34640
34629
34618
34613
34607
34604
34577
34560
34528
34523
34507
34504
34498
34492
34490
34483
34480
34472
34467
34466
34458
34432
34415
34412
34406
34404
34394
34390
34387
34374
34371
34361
34350
34334
34323
34319
34266
34264
34264
34254
34251
34226
34207
34203
34198
34195
34194
34192
34189
34183
34177
34134
34130
34125
34120
34118
34107
34101
34089
34086
34084
34083
34070
34036
34028
34003
33992
33991
33991
33982
33979
33974
33939
33926
33919
33916
33916
33907
33903
33888
33882
33870
33847
33845
33841
33828
33814
33798
33796
33782
33762
33758
33743
33741
33730
33725
33696
33683
33681
33658
33648
33645
33643
33638
33635
33624
33624
33622
33619
33618
33613
33603
33589
33580
33554
33553
33528
33517
33513
33481
33443
33429
33426
33406
33404
33394
33379
33371
33361
33336
33336
33335
33325
33303
33292
33289
33282
33249
33242
33220
33219
33217
33211
33207
33206
33200
33190
33190
33174
33168
33132
33128
33121
33119
33101
33097
33079
33072
33062
33060
33054
33019
33001
33001
32998
32988
32972
32937
32935
32935
32934
32933
32915
32906
32895
32887
32870
32862
32844
32817
32815
32801
32790
32787
32767
32758
32753
32750
32723
32710
32704
32696
32692
32684
32662
32654
32650
32645
32643
32632
32597
32594
32587
32584
32566
32565
32548
32527
32505
32488
32480
32480
32477
32475
32460
32453
32444
32431
32395
32391
32390
32387
32381
32355
32349
32322
32317
32317
32316
32303
32298
32298
32288
32260
32260
32242
32230
32211
32196
32192
32164
32164
32161
32159
32154
32128
32127
32105
32098
32096
32096
32071
32067
32043
32035
32021
31982
31977
31971
31960
31958
31933
31930
31923
31908
31895
31879
31849
31840
31839
31837
31814
31782
31782
31776
31762
31761
31757
31741
31737
31736
31733
31730
31715
31708
31689
31676
31667
31666
31663
31651
31594
31579
31578
31574
31574
31571
31570
31564
31562
31562
31557
31555
31530
31520
31514
31507
31489
31476
31473
31460
31456
31451
31444
31437
31435
31425
31399
31385
31372
31363
31358
31350
31342
31337
31323
31306
31287
31274
31267
31260
31250
31243
31237
31229
31227
31222
31219
31186
31183
31174
31150
31139
31120
31119
31109
31079
31067
31038
31031
31022
31006
30953
30948
30934
30927
30903
30899
30895
30864
30862
30845
30843
30839
30836
30833
30831
30824
30807
30796
30793
30787
30762
30751
30750
30749
30748
30735
30722
30684
30678
30676
30668
30654
30647
30643
30636
30630
30630
30630
30599
30589
30580
30568
30566
30565
30563
30555
30551
30550
30537
30530
30528
30523
30513
30511
30493
30491
30489
30476
30473
30471
30457
30452
30451
30447
30432
30419
30412
30409
30401
30385
30382
30371
30370
30367
30367
30365
30356
30347
30331
30330
30324
30318
30310
30306
30282
30252
30247
30240
30237
30227
30204
30200
30193
30174
30173
30164
30155
30125
30117
30108
30106
30102
30092
30089
30041
30020
29996
29996
29984
29968
29955
29938
29933
29928
29925
29924
29921
29919
29917
29909
29909
29883
29856
29841
29834
29820
29817
29815
29778
29769
29761
29752
29721
29721
29708
29696
29679
29663
29646
29637
29619
29595
29587
29587
29579
29571
29565
29552
29550
29547
29545
29536
29531
29525
29523
29504
29502
29494
29464
29442
29434
29428
29399
29399
29399
29353
29352
29335
29326
29311
29299
29290
29282
29272
29253
29253
29235
29232
29229
29223
29223
29200
29193
29154
29153
29143
29139
29134
29119
29106
29092
29074
29068
29043
29017
29004
28993
28990
28987
28972
28964
28925
28922
28919
28916
28911
28902
28892
28885
28867
28846
28839
28822
28822
28810
28805
28802
28782
28781
28775
28740
28737
28736
28735
28714
28713
28702
28695
28695
28691
28683
28679
28677
28648
28642
28623
28596
28585
28584
28575
28574
28534
28532
28525
28486
28486
28473
28453
28446
28443
28440
28439
28436
28434
28433
28431
28426
28423
28416
28403
28401
28381
28375
28361
28355
28338
28319
28318
28299
28294
28283
28283
28277
28275
28275
28258
28256
28254
28244
28242
28234
28231
28231
28219
28213
28199
28196
28184
28175
28172
28142
28134
28119
28101
28100
28097
28097
28090
28068
28066
28064
28056
28021
28017
28005
27995
27968
27958
27943
27929
27912
27907
27899
27897
27892
27888
27886
27884
27869
27863
27862
27857
27836
27825
27824
27802
27797
27784
27783
27765
27747
27721
27717
27704
27691
27690
27678
27672
27672
27653
27652
27651
27650
27626
27624
27613
27582
27579
27570
27563
27560
27544
27532
27529
27528
27507
27503
27498
27477
27475
27471
27470
27462
27454
27451
27450
27434
27433
27426
27410
27397
27395
27386
27384
27375
27358
27345
27336
27330
27313
27307
27284
27276
27268
27262
27256
27230
27200
27200
27197
27177
27160
27148
27136
27133
27093
27085
27085
27083
27075
27052
26999
26981
26976
26962
26957
26955
26954
26950
26934
26929
26924
26914
26879
26869
26868
26865
26863
26836
26808
26803
26793
26783
26779
26776
26761
26750
26748
26731
26713
26688
26686
26685
26681
26668
26663
26660
26642
26636
26631
26627
26621
26617
26597
26590
26583
26561
26547
26545
26541
26539
26527
26522
26507
26447
26437
26430
26429
26425
26417
26410
26410
26396
26379
26376
26365
26363
26359
26356
26352
26336
26326
26311
26294
26285
26271
26271
26264
26261
26240
26235
26230
26227
26207
26202
26194
26139
26133
26132
26128
26124
26119
26114
26111
26109
26089
26071
26053
26019
26012
26004
26000
25980
25975
25972
25969
25952
25946
25942
25935
25918
25909
25894
25893
25888
25871
25866
25865
25852
25851
25846
25844
25825
25823
25807
25795
25795
25783
25783
25781
25780
25772
25770
25764
25737
25733
25725
25724
25724
25689
25679
25677
25671
25664
25654
25649
25644
25640
25629
25622
25616
25594
25592
25592
25590
25574
25573
25555
25549
25548
25538
25524
25523
25509
25507
25466
25433
25427
25401
25389
25385
25376
25331
25324
25323
25321
25302
25284
25272
25267
25266
25255
25227
25227
25226
25224
25216
25197
25193
25192
25178
25170
25169
25167
25160
25159
25155
25144
25140
25137
25109
25098
25097
25084
25078
25065
25061
25050
25050
25047
25026
25016
24986
24983
24975
24949
24935
24923
24912
24900
24900
24898
24895
24887
24884
24875
24863
24862
24844
24832
24829
24827
24813
24802
24800
24782
24757
24754
24749
24739
24736
24724
24721
24680
24677
24661
24650
24631
24625
24594
24587
24558
24553
24549
24468
24464
24458
24447
24442
24440
24427
24420
24415
24414
24413
24411
24403
24400
24352
24349
24348
24344
24327
24318
24308
24290
24252
24251
24250
24244
24238
24237
24220
24214
24208
24203
24197
24195
24189
24181
24174
24144
24133
24115
24114
24113
24101
24100
24090
24089
24081
24058
24045
24043
24042
24036
24030
24022
24014
24006
23979
23935
23934
23927
23927
23920
23894
23892
23875
23873
23860
23860
23858
23845
23840
23829
23822
23804
23801
23793
23789
23786
23778
23765
23765
23759
23751
23749
23738
23737
23730
23717
23696
23691
23680
23663
23659
23635
23626
23622
23615
23615
23607
23581
23573
23565
23544
23538
23524
23522
23521
23515
23501
23488
23465
23460
23437
23435
23419
23413
23412
23408
23400
23394
23392
23384
23377
23365
23345
23329
23319
23318
23317
23313
23297
23278
23272
23256
23255
23253
23239
23234
23218
23214
23204
23179
23179
23178
23165
23150
23148
23148
23147
23140
23100
23087
23059
23052
23048
23032
23017
23005
23000
22973
22933
22916
22913
22911
22898
22892
22875
22873
22854
22853
22833
22826
22819
22805
22802
22799
22799
22791
22783
22777
22759
22754
22736
22712
22708
22708
22705
22701
22697
22695
22684
22677
22674
22643
22631
22618
22576
22572
22569
22566
22563
22544
22536
22497
22494
22490
22483
22483
22475
22473
22473
22466
22457
22435
22434
22427
22418
22412
22385
22385
22377
22376
22375
22362
22325
22307
22293
22283
22279
22265
22264
22242
22203
22201
22199
22184
22180
22157
22148
22145
22122
22113
22109
22103
22092
22091
22089
22075
22067
22058
22050
22031
22006
21993
21983
21948
21944
21941
21932
21929
21922
21921
21920
21919
21917
21910
21897
21891
21880
21839
21820
21811
21803
21784
21768
21765
21765
21763
21758
21749
21729
21727
21718
21716
21711
21701
21681
21649
21642
21629
21617
21614
21607
21606
21604
21572
21558
21555
21529
21523
21521
21513
21498
21480
21475
21474
21466
21421
21405
21346
21345
21319
21309
21302
21279
21221
21186
21184
21165
21159
21147
21145
21136
21134
21127
21118
21099
21093
21074
21069
21065
21062
21014
21000
20998
20990
20979
20976
20976
20974
20957
20948
20948
20944
20922
20901
20896
20895
20890
20890
20863
20846
20833
20824
20812
20806
20805
20783
20780
20766
20754
20753
20751
20747
20743
20726
20725
20717
20716
20692
20667
20651
20650
20649
20617
20590
20585
20552
20550
20540
20495
20489
20486
20467
20465
20453
20442
20442
20436
20419
20414
20400
20392
20391
20385
20383
20369
20350
20341
20332
20327
20311
20303
20291
20279
20277
20267
20261
20258
20257
20247
20231
20230
20226
20185
20183
20181
20173
20173
20156
20155
20142
20116
20107
20067
20054
20049
20020
19990
19955
19945
19944
19934
19933
19918
19902
19896
19891
19887
19884
19884
19871
19869
19868
19857
19852
19851
19836
19816
19811
19795
19777
19750
19746
19742
19722
19714
19701
19699
19674
19669
19665
19614
19608
19596
19586
19580
19579
19574
19571
19557
19548
19545
19529
19514
19499
19499
19490
19478
19478
19466
19456
19432
19430
19410
19399
19372
19369
19367
19363
19353
19347
19344
19337
19320
19314
19297
19280
19250
19238
19230
19226
19224
19218
19215
19205
19175
19171
19171
19166
19160
19160
19155
19128
19123
19112
19081
19067
19063
19047
19036
19028
18994
18981
18978
18975
18971
18969
18961
18953
18909
18909
18875
18852
18839
18834
18802
18780
18776
18772
18765
18765
18742
18723
18720
18713
18701
18683
18672
18656
18651
18638
18617
18610
18603
18598
18573
18556
18554
18554
18547
18541
18537
18528
18507
18484
18473
18458
18451
18429
18418
18403
18398
18398
18390
18343
18328
18289
18286
18281
18245
18243
18232
18225
18210
18204
18201
18192
18187
18187
18186
18179
18155
18153
18151
18119
18108
18108
18095
18081
18065
18061
18035
18025
18017
18000
17999
17998
17993
17986
17982
17980
17980
17979
17966
17962
17952
17947
17943
17929
17929
17925
17912
17905
17888
17883
17848
17817
17809
17800
17795
17795
17788
17787
17786
17785
17778
17773
17750
17728
17714
17686
17681
17660
17654
17653
17644
17642
17622
17615
17608
17591
17590
17590
17581
17570
17569
17566
17566
17561
17557
17552
17543
17540
17528
17523
17490
17489
17489
17479
17477
17475
17471
17463
17439
17415
17411
17398
17396
17386
17371
17343
17341
17337
17327
17326
17304
17303
17299
17253
17231
17230
17220
17214
17187
17186
17176
17171
17130
17127
17122
17104
17102
17099
17090
17080
17080
17073
17068
17051
17050
17048
17032
16991
16981
16980
16979
16974
16973
16972
16971
16963
16962
16960
16959
16950
16933
16930
16918
16895
16883
16876
16860
16858
16858
16857
16855
16852
16841
16836
16832
16831
16805
16788
16784
16780
16773
16764
16763
16763
16763
16761
16753
16752
16739
16710
16699
16696
16675
16669
16664
16654
16640
16633
16632
16611
16609
16608
16605
16593
16574
16572
16564
16550
16537
16509
16484
16474
16472
16470
16459
16454
16453
16434
16432
16404
16399
16394
16388
16363
16348
16330
16298
16297
16274
16272
16270
16243
16243
16240
16240
16220
16212
16209
16205
16189
16179
16170
16161
16133
16129
16129
16117
16114
16108
16064
16061
16049
16043
16038
16017
15988
15975
15975
15964
15963
15954
15954
15954
15940
15933
15920
15918
15915
15913
15903
15893
15879
15867
15836
15821
15820
15786
15785
15783
15775
15745
15745
15735
15734
15732
15709
15703
15700
15676
15674
15671
15659
15656
15650
15650
15646
15644
15641
15638
15626
15608
15582
15564
15558
15556
15549
15545
15531
15526
15509
15503
15461
15453
15424
15421
15412
15412
15404
15396
15393
15381
15379
15368
15340
15329
15308
15306
15281
15276
15273
15268
15231
15230
15211
15209
15205
15195
15183
15179
15169
15164
15158
15151
15145
15141
15129
15124
15123
15122
15105
15091
15076
15056
15055
15054
15037
15016
15010
15003
14992
14984
14981
14974
14966
14940
14935
14899
14899
14889
14883
14883
14871
14870
14864
14844
14836
14818
14809
14800
14794
14790
14786
14781
14776
14766
14763
14760
14695
14675
14669
14655
14634
14629
14619
14613
14611
14577
14572
14567
14553
14549
14546
14529
14525
14523
14511
14503
14497
14497
14467
14457
14456
14440
14438
14434
14432
14406
14400
14395
14346
14323
14317
14315
14310
14305
14295
14284
14262
14245
14243
14226
14190
14172
14170
14165
14160
14151
14140
14120
14120
14117
14113
14101
14082
14079
14071
14052
14039
14033
14031
14024
14022
14016
14014
14011
13990
13985
13985
13984
13977
13969
13964
13961
13958
13942
13928
13923
13920
13916
13915
13911
13910
13889
13886
13880
13858
13843
13843
13839
13809
13800
13792
13788
13782
13782
13733
13723
13719
13712
13703
13698
13680
13677
13670
13657
13652
13651
13641
13637
13634
13625
13619
13608
13577
13572
13571
13559
13548
13543
13536
13532
13502
13484
13483
13477
13469
13468
13467
13462
13444
13439
13437
13423
13418
13407
13406
13385
13378
13371
13368
13354
13307
13306
13304
13298
13286
13286
13273
13269
13262
13253
13243
13233
13228
13221
13220
13198
13191
13165
13165
13155
13144
13137
13137
13130
13113
13112
13100
13098
13093
13067
13054
13048
13043
13029
13025
12997
12978
12972
12971
12952
12949
12948
12936
12936
12921
12912
12904
12889
12878
12865
12859
12842
12841
12839
12838
12827
12815
12809
12792
12784
12777
12775
12751
12741
12733
12733
12726
12708
12683
12674
12669
12660
12659
12644
12620
12618
12612
12610
12597
12584
12573
12570
12531
12528
12489
12483
12473
12467
12435
12407
12405
12399
12385
12384
12375
12370
12367
12358
12347
12337
12332
12328
12320
12318
12311
12307
12302
12302
12300
12299
12288
12281
12279
12276
12232
12226
12223
12220
12217
12200
12197
12189
12180
12179
12157
12153
12147
12142
12137
12131
12115
12114
12087
12086
12084
12079
12040
12028
12028
12008
12004
12003
12003
11996
11992
11982
11980
11972
11964
11956
11953
11951
11950
11935
11934
11917
11916
11899
11878
11862
11853
11848
11842
11841
11835
11826
11807
11776
11770
11768
11764
11747
11741
11706
11692
11690
11642
11636
11636
11633
11632
11629
11628
11608
11602
11588
11580
11561
11552
11534
11527
11525
11506
11503
11493
11488
11473
11469
11463
11459
11459
11449
11447
11443
11437
11433
11433
11415
11412
11408
11394
11393
11367
11362
11360
11350
11350
11345
11343
11334
11331
11312
11288
11273
11267
11256
11253
11250
11244
11211
11207
11194
11190
11188
11187
11187
11186
11176
11176
11170
11124
11110
11103
11092
11062
11057
11041
11040
11028
11028
11004
11004
11001
10990
10989
10985
10980
10958
10952
10946
10908
10874
10865
10863
10862
10830
10828
10828
10812
10809
10806
10788
10765
10764
10762
10761
10754
10750
10743
10741
10737
10728
10724
10697
10687
10686
10683
10678
10676
10661
10640
10640
10631
10627
10596
10591
10587
10561
10560
10522
10517
10513
10491
10479
10451
10449
10449
10448
10447
10440
10415
10414
10385
10384
10374
10368
10362
10359
10358
10341
10327
10324
10315
10312
10298
10281
10275
10272
10271
10244
10236
10235
10234
10223
10214
10212
10198
10155
10149
10146
10142
10133
10130
10119
10101
10100
10087
10075
10068
10066
10059
10059
10053
10048
10047
10040
10037
10035
9995
9988
9976
9972
9965
9964
9960
9940
9939
9923
9914
9905
9903
9900
9887
9881
9880
9857
9848
9840
9817
9814
9806
9800
9792
9773
9771
9761
9747
9736
9733
9714
9700
9691
9688
9680
9671
9666
9655
9654
9644
9597
9597
9552
9544
9544
9530
9514
9506
9496
9494
9489
9472
9472
9465
9451
9450
9450
9448
9447
9425
9404
9401
9379
9374
9374
9368
9359
9352
9351
9351
9350
9349
9347
9333
9327
9320
9308
9302
9301
9297
9277
9220
9199
9192
9191
9185
9181
9169
9131
9113
9110
9094
9078
9074
9074
9067
9063
9057
9054
9054
9013
9010
9004
9004
9003
9000
8987
8974
8969
8961
8945
8903
8901
8895
8890
8886
8868
8854
8849
8845
8837
8837
8826
8820
8806
8750
8745
8741
8738
8737
8731
8728
8724
8717
8702
8686
8680
8679
8673
8667
8660
8644
8635
8634
8624
8589
8568
8563
8509
8506
8488
8476
8472
8470
8446
8445
8438
8413
8394
8394
8389
8361
8354
8352
8345
8299
8282
8281
8280
8269
8260
8257
8253
8251
8251
8242
8242
8237
8227
8223
8223
8207
8198
8173
8170
8159
8157
8149
8120
8112
8098
8080
8079
8078
8077
8053
8045
8041
8037
8026
8010
8002
8000
7998
7989
7973
7961
7959
7955
7949
7945
7937
7937
7934
7919
7908
7902
7879
7866
7849
7847
7840
7838
7825
7823
7809
7792
7764
7758
7745
7740
7713
7703
7694
7686
7682
7678
7677
7673
7667
7639
7619
7604
7596
7554
7544
7532
7509
7486
7486
7468
7461
7454
7453
7431
7407
7403
7388
7374
7362
7357
7339
7338
7334
7323
7318
7316
7293
7288
7288
7284
7268
7259
7250
7248
7213
7192
7163
7155
7139
7135
7133
7121
7116
7107
7104
7070
7056
7054
7052
7049
7047
7039
7032
7021
6992
6990
6987
6987
6984
6969
6968
6949
6948
6944
6936
6935
6914
6909
6899
6896
6893
6875
6870
6864
6862
6862
6847
6839
6820
6809
6801
6784
6775
6774
6771
6735
6733
6729
6726
6714
6710
6679
6650
6645
6635
6580
6580
6555
6548
6547
6530
6524
6502
6471
6462
6459
6423
6417
6410
6398
6392
6386
6381
6375
6361
6340
6316
6312
6309
6305
6301
6295
6293
6289
6239
6233
6229
6211
6205
6199
6188
6182
6157
6150
6131
6128
6122
6102
6099
6090
6088
6072
6065
6041
6018
5997
5991
5978
5954
5951
5930
5929
5907
5901
5896
5896
5880
5859
5855
5846
5846
5828
5819
5781
5772
5766
5764
5759
5757
5732
5730
5729
5725
5714
5699
5697
5683
5681
5678
5670
5667
5666
5664
5656
5653
5640
5622
5606
5605
5601
5591
5589
5575
5571
5557
5551
5547
5544
5534
5531
5531
5517
5500
5495
5484
5482
5481
5466
5425
5423
5418
5402
5401
5395
5387
5374
5367
5366
5362
5360
5358
5357
5348
5345
5333
5318
5298
5296
5296
5295
5288
5265
5249
5225
5218
5195
5171
5163
5158
5129
5128
5115
5103
5101
5099
5086
5083
5076
5071
5065
5054
5027
5011
5008
4997
4987
4987
4956
4950
4930
4923
4919
4914
4902
4876
4870
4855
4848
4846
4841
4840
4834
4832
4829
4819
4807
4806
4801
4801
4788
4766
4749
4746
4740
4736
4730
4729
4727
4715
4701
4681
4680
4668
4657
4631
4629
4620
4616
4594
4594
4549
4543
4527
4517
4509
4506
4505
4494
4476
4453
4435
4430
4427
4420
4407
4388
4382
4373
4362
4356
4352
4351
4320
4303
4294
4288
4279
4270
4269
4260
4247
4246
4241
4233
4233
4223
4200
4200
4175
4144
4135
4125
4099
4096
4088
4078
4076
4059
4056
4056
4042
4042
4036
4012
4001
3988
3978
3973
3970
3944
3922
3918
3912
3912
3903
3893
3885
3884
3875
3869
3864
3862
3851
3819
3813
3809
3800
3784
3762
3755
3754
3750
3747
3745
3727
3714
3706
3679
3678
3675
3673
3670
3648
3647
3647
3645
3629
3618
3614
3613
3611
3599
3581
3580
3571
3566
3560
3558
3552
3536
3509
3503
3499
3495
3474
3474
3462
3460
3430
3427
3422
3421
3420
3419
3409
3408
3397
3378
3368
3365
3346
3334
3328
3322
3315
3314
3312
3307
3307
3296
3276
3252
3249
3241
3225
3210
3193
3192
3191
3184
3181
3140
3135
3124
3121
3120
3102
3101
3095
3094
3076
3064
3051
3036
3029
3027
3025
3023
3021
3019
3016
2994
2965
2962
2950
2938
2936
2928
2924
2918
2903
2892
2825
2824
2809
2791
2785
2775
2765
2765
2760
2754
2726
2701
2696
2696
2694
2690
2681
2672
2669
2664
2660
2655
2653
2647
2644
2642
2618
2605
2571
2568
2565
2562
2532
2521
2516
2494
2470
2469
2458
2450
2412
2409
2406
2394
2361
2360
2356
2351
2350
2340
2327
2316
2312
2298
2289
2264
2260
2247
2247
2240
2230
2213
2212
2179
2179
2167
2165
2158
2150
2149
2126
2125
2100
2075
2065
2057
2047
2046
2005
2002
1992
1984
1982
1974
1966
1963
1950
1935
1920
1913
1912
1864
1858
1854
1847
1831
1827
1821
1818
1809
1799
1788
1772
1766
1763
1748
1733
1723
1720
1719
1682
1662
1659
1641
1611
1610
1609
1598
1594
1565
1561
1532
1511
1502
1485
1457
1431
1430
1427
1405
1388
1384
1370
1369
1367
1340
1333
1331
1318
1310
1307
1307
1305
1305
1303
1302
1300
1246
1227
1223
1203
1203
1201
1178
1168
1165
1164
1140
1095
1089
1085
1068
1064
1062
1057
1052
1042
1038
1036
1027
1011
1004
994
965
947
945
936
935
905
902
897
890
887
882
869
859
851
812
810
802
794
791
764
751
737
732
698
686
672
653
650
636
635
631
624
615
607
599
594
545
543
542
541
535
522
511
502
497
478
474
471
463
438
420
406
372
366
363
357
350
346
332
323
316
303
291
291
208
192
189
167
160
154
150
150
148
139
125
106
99
97
97
91
77
51
45
37
35
29
28
14
10
2
